1 1.6449340658482263 
2 0.6449340658482263 
3 0.3949340658482264 
4 0.2838229547371153 
5 0.2213229547371153 
6 0.1813229547371153 
7 0.1535451769593375 
8 0.1331370136940314 
9 0.1175120136940314 
10 0.1051663346816857 
11 0.0951663346816857 
12 0.0869018718717684 
13 0.0799574274273239 
14 0.0740402676640103 
15 0.0689382268476838 
16 0.0644937824032393 
17 0.0605875324032393 
18 0.0571273247907826 
19 0.0540409050376962 
20 0.0512708219352031 
21 0.0487708219352031 
22 0.0465032482390580 
23 0.0444371325365786 
24 0.0425467733683367 
25 0.0408106622572256 
26 0.0392106622572256 
27 0.0377313723163972 
28 0.0363596302039143 
29 0.0350841199998327 
30 0.0338950593577399 
31 0.0327839482466288 
32 0.0317433655203021 
33 0.0307668030203021 
34 0.0298485293747557 
35 0.0289834774716415 
36 0.0281671509410293 
37 0.0273955460027577 
38 0.0266650858128380 
39 0.0259725650372148 
40 0.0253151028412910 
41 0.0246901028412910 
42 0.0240952188436706 
43 0.0235283254196343 
44 0.0229874925369950 
45 0.0224709636113752 
46 0.0219771364508813 
47 0.0215045466588209 
48 0.0210518531323383 
49 0.0206178253545605 
50 0.0202013322266971 
51 0.0198013322266971 
52 0.0194168647142019 
53 0.0190470422289948 
54 0.0186910436529891 
55 0.0183481081248684 
56 0.0180175296124717 
57 0.0176986520614513 
58 0.0173908650500632 
59 0.0170935998895400 
60 0.0168063261176354 
61 0.0165285483398576 
62 0.0162598033788256 
63 0.0159996576972439 
64 0.0157477050643389 
65 0.0155035644393389 
66 0.0152668780488064 
67 0.0150373096374198 
68 0.0148145428742209 
69 0.0145982798984423 
70 0.0143882399908599 
71 0.0141841583582068 
72 0.0139857850195835 
73 0.0137928837850156 
74 0.0136052313173857 
75 0.0134226162699058 
76 0.0132448384921280 
77 0.0130717082982222 
78 0.0129030457918973 
79 0.0127386802429164 
80 0.0125784495106619 
81 0.0124221995106619 
82 0.0122697837203861 
83 0.0121210627209810 
84 0.0119759037719317 
85 0.0118341804159227 
86 0.0116957721114244 
87 0.0115605638907646 
88 0.0114284460416432 
89 0.0112993138102382 
90 0.0111730671242137 
91 0.0110496103340903 
92 0.0109288519715737 
93 0.0108107045235585 
94 0.0106950842206333 
95 0.0105819108390127 
96 0.0104711075149130 
97 0.0103626005704685 
98 0.0102563193503601 
99 0.0101521960683943 
