0.00999999977648258209 0.36972463130950927734 0.00184519775211811066 0.00000180223378265509 0.00184339552652090788 
0.00975000020116567612 0.36967900395393371582 0.00179957447107881308 0.00000184844486739166 0.00179772602859884501 
0.00949999969452619553 0.36963346600532531738 0.00175402988679707050 0.00000189708828202129 0.00175213278271257877 
0.00925000011920928955 0.36958554387092590332 0.00170610251370817423 0.00000194836093214690 0.00170415418688207865 
0.00899999961256980896 0.36954003572463989258 0.00166058866307139397 0.00000200248200599162 0.00165858620312064886 
0.00875000003725290298 0.36949452757835388184 0.00161508563905954361 0.00000205969581656973 0.00161302590277045965 
0.00849999953061342239 0.36944651603698730469 0.00156707316637039185 0.00000212027521229174 0.00156495289411395788 
0.00824999995529651642 0.36940103769302368164 0.00152160064317286015 0.00000218452578337747 0.00151941610965877771 
0.00799999944865703583 0.36935567855834960938 0.00147622660733759403 0.00000225279245569254 0.00147397385444492102 
0.00774999987334012985 0.36930745840072631836 0.00142801972106099129 0.00000232546290135360 0.00142569420859217644 
0.00749999983236193657 0.36926209926605224609 0.00138265802524983883 0.00000240297845266468 0.00138025509659200907 
0.00724999979138374329 0.36921679973602294922 0.00133736280258744955 0.00000248583978645911 0.00133487698622047901 
0.00699999975040555000 0.36917158961296081543 0.00129214022308588028 0.00000257461965702532 0.00128956558182835579 
0.00674999970942735672 0.36912316083908081055 0.00124372704885900021 0.00000266997585640638 0.00124105706345289946 
0.00650000013411045074 0.36907795071601867676 0.00119852123316377401 0.00000277266713055724 0.00119574856944382191 
0.00624999962747097015 0.36903288960456848145 0.00115345616359263659 0.00000288357432509656 0.00115057255607098341 
0.00600000005215406418 0.36898419260978698730 0.00110475742258131504 0.00000300372312267427 0.00110175367444753647 
0.00575000001117587090 0.36893916130065917969 0.00105971342418342829 0.00000313431951326493 0.00105657905805855989 
0.00549999997019767761 0.36889421939849853516 0.00101477850694209337 0.00000327678867506620 0.00101150176487863064 
0.00524999992921948433 0.36884522438049316406 0.00096576841315254569 0.00000343282636094955 0.00096233555814251304 
0.00499999988824129105 0.36880034208297729492 0.00092088902601972222 0.00000360446756531019 0.00091728457482531667 
0.00474999984726309776 0.36875557899475097656 0.00087614951189607382 0.00000379417656404257 0.00087235536193475127 
0.00449999980628490448 0.36870610713958740234 0.00082667730748653412 0.00000400496401198325 0.00082267232937738299 
0.00424999976530671120 0.36866143345832824707 0.00078200234565883875 0.00000424055042458349 0.00077776180114597082 
0.00399999972432851791 0.36861696839332580566 0.00073751481249928474 0.00000450558491138509 0.00073300924850627780 
0.00375000014901161194 0.36857265233993530273 0.00069320481270551682 0.00000480595645058202 0.00068839883897453547 
0.00350000010803341866 0.36852237582206726074 0.00064291991293430328 0.00000514923885930330 0.00063777068862691522 
0.00325000006705522537 0.36847820878028869629 0.00059876951854676008 0.00000554533426111448 0.00059322419110685587 
0.00300000002607703209 0.36843439936637878418 0.00055494875414296985 0.00000600744624534855 0.00054894131608307362 
0.00274999998509883881 0.36838299036026000977 0.00050354975974187255 0.00000655357735013240 0.00049699615919962525 
0.00249999994412064552 0.36833932995796203613 0.00045988927013240755 0.00000720893513062038 0.00045268033863976598 
0.00224999990314245224 0.36829620599746704102 0.00041676941327750683 0.00000800992802396649 0.00040875948616303504 
0.00200000032782554626 0.36824277043342590332 0.00036331868614070117 0.00000901116709428607 0.00035430752905085683 
0.00174999982118606567 0.36819994449615478516 0.00032051335438154638 0.00001029848044709070 0.00031021487666293979 
0.00150000024586915970 0.36815801262855529785 0.00027856390806846321 0.00001201488976221299 0.00026654903194867074 
0.00124999973922967911 0.36811795830726623535 0.00023852790764067322 0.00001441787389921956 0.00022411003010347486 
0.00100000016391277313 0.36805865168571472168 0.00017919967649504542 0.00001802233418857213 0.00016117734776344150 
0.00074999965727329254 0.36802017688751220703 0.00014073219790589064 0.00002402979589533061 0.00011670240201056004 
0.00050000008195638657 0.36798855662345886230 0.00010912449215538800 0.00003604466837714426 0.00007307982014026493 
0.00024999957531690598 0.36789938807487487793 0.00001994343256228603 0.00007208947499748319 -0.00005214604243519716 
