0.10000000149011611938 0.36849296092987060547 0.00061352172633633018 0.00000009011169055384 0.00061343162087723613 
0.09750000387430191040 0.36846256256103515625 0.00058311887551099062 0.00000009242224052741 0.00058302644174546003 
0.09499999880790710449 0.36843314766883850098 0.00055371766211465001 0.00000009485440699564 0.00055362278362736106 
0.09250000119209289551 0.36840415000915527344 0.00052471685921773314 0.00000009741804518626 0.00052461941959336400 
0.09000000357627868652 0.36837640404701232910 0.00049696076894178987 0.00000010012409745741 0.00049686065176501870 
0.08749999850988388062 0.36834895610809326172 0.00046951486729085445 0.00000010298479224957 0.00046941186883486807 
0.08500000089406967163 0.36832261085510253906 0.00044316961430013180 0.00000010601375066699 0.00044306358904577792 
0.08250000327825546265 0.36829680204391479492 0.00041735530248843133 0.00000010922628490562 0.00041724607581272721 
0.07999999821186065674 0.36827203631401062012 0.00039258808828890324 0.00000011263961141594 0.00039247545646503568 
0.07750000059604644775 0.36824774742126464844 0.00036830230965279043 0.00000011627314933094 0.00036818603985011578 
0.07500000298023223877 0.36822450160980224609 0.00034504634095355868 0.00000012014891126455 0.00034492620034143329 
0.07249999791383743286 0.36820176243782043457 0.00032232451485469937 0.00000012429198648078 0.00032220021239481866 
0.07000000029802322388 0.36818006634712219238 0.00030061526922509074 0.00000012873098853561 0.00030048654298298061 
0.06749999523162841797 0.36815887689590454102 0.00027942206361331046 0.00000013349880134683 0.00027928856434300542 
0.06499999761581420898 0.36813870072364807129 0.00025926119997166097 0.00000013863336789655 0.00025912257842719555 
0.06250000000000000000 0.36811900138854980469 0.00023955162032507360 0.00000014417869920180 0.00023940743994899094 
0.05999999865889549255 0.36810004711151123047 0.00022061818162910640 0.00000015018615329154 0.00022046799131203443 
0.05750000104308128357 0.36808222532272338867 0.00020277428848203272 0.00000015671598418976 0.00020261757890693843 
0.05499999970197677612 0.36806479096412658691 0.00018536184506956488 0.00000016383943091114 0.00018519800505600870 
0.05249999836087226868 0.36804854869842529297 0.00016909632540773600 0.00000017164130383662 0.00016892468556761742 
0.05000000074505805969 0.36803260445594787598 0.00015317602083086967 0.00000018022338110768 0.00015299579536076635 
0.04749999940395355225 0.36801791191101074219 0.00013846914225723594 0.00000018970881399127 0.00013827942893840373 
0.04499999806284904480 0.36800354719161987305 0.00012409138435032219 0.00000020024820912568 0.00012389113544486463 
0.04250000044703483582 0.36799034476280212402 0.00011091842316091061 0.00000021202750133398 0.00011070639448007569 
0.03999999910593032837 0.36797749996185302734 0.00009805141598917544 0.00000022527922283189 0.00009782613778952509 
0.03750000149011611938 0.36796587705612182617 0.00008644723857287318 0.00000024029782252910 0.00008620694279670715 
0.03499999642372131348 0.36795425415039062500 0.00007479986379621550 0.00000025746200549293 0.00007454240403603762 
0.03249999880790710449 0.36794453859329223633 0.00006510304956464097 0.00000027726673579309 0.00006482578464783728 
0.03000000119209289551 0.36793425679206848145 0.00005481878542923369 0.00000030037227816138 0.00005451841207104735 
0.02749999612569808960 0.36792591214179992676 0.00004645861918106675 0.00000032767889024399 0.00004613093915395439 
0.02499999850988388062 0.36791744828224182129 0.00003799295518547297 0.00000036044679063707 0.00003763250788324513 
0.02250000089406967163 0.36791059374809265137 0.00003115149957011454 0.00000040049638982964 0.00003075100175919943 
0.01999999582767486572 0.36790367960929870605 0.00002425163074804004 0.00000045055855935061 0.00002380107252974994 
0.01749999821186065674 0.36789852380752563477 0.00001907979458337650 0.00000051492401098585 0.00001856487142504193 
0.01500000059604644775 0.36789286136627197266 0.00001343013900623191 0.00000060074455632275 0.00001282939410884865 
0.01249999552965164185 0.36788967251777648926 0.00001022716878651408 0.00000072089380864782 0.00000950627509155311 
0.00999999791383743286 0.36788529157638549805 0.00000585724683332955 0.00000090111711870122 0.00000495612948725466 
0.00750000029802322388 0.36788398027420043945 0.00000453431312052999 0.00000120148911264550 0.00000333282400788448 
0.00499999523162841797 0.36788097023963928223 0.00000153282996961934 0.00000180223560164450 -0.00000026940563202515 
0.00249999761581420898 0.36788418889045715332 0.00000475772594654700 0.00000360447120328899 0.00000115325474325800 
