0.00010000000000000000 0.36787944178440223908 0.00000000061295990506 -15790904967832523223290792439740373331629039723972769196706095486984504445503809662228398843043138026141143255336533175919407121024440381798331408703860300619580593315774464.00000000000000000000 15790904967832523223290792439740373331629039723972769196706095486984504445503809662228398843043138026141143255336533175919407121024440381798331408703860300619580593315774464.00000000000000000000 
0.00009750000000000001 0.36787944175444042827 0.00000000058299809425 -16195799967007716214462321221921020275797743294861727602640037680795714936343182463638655010783424284792962834466374475010883090685078058730621803795198305924877894312525824.00000000000000000000 16195799967007716214462321221921020275797743294861727602640037680795714936343182463638655010783424284792962834466374475010883090685078058730621803795198305924877894312525824.00000000000000000000 
0.00009500000000000001 0.36787944172465469883 0.00000000055321236481 -16622005229297390337485906730554708513646063205773834897267095196660643323622735733987668056698441877100283182976251509332313825269621125058563798740036806545969148868952064.00000000000000000000 16622005229297390337485906730554708513646063205773834897267095196660643323622735733987668056698441877100283182976251509332313825269621125058563798740036806545969148868952064.00000000000000000000 
0.00009250000000000000 0.36787944169625952373 0.00000000052481718971 -17071248613872998357535896967176473128054399664351367399253966748495629511131015547768938616708367546742843005557923229803263565626997360205844279668361560639034220791988224.00000000000000000000 17071248613872998357535896967176473128054399664351367399253966748495629511131015547768938616708367546742843005557923229803263565626997360205844279668361560639034220791988224.00000000000000000000 
0.00009000000000000001 0.36787944166813718594 0.00000000049669485191 -17545449964258359518367417162523176756360088531158255622419844993499749905807758468339508903251045146965694764899178805315802989553870315171589787432991656942535564301697024.00000000000000000000 17545449964258359518367417162523176756360088531158255622419844993499749905807758468339508903251045146965694764899178805315802989553870315171589787432991656942535564301697024.00000000000000000000 
0.00008750000000000001 0.36787944164094549260 0.00000000046950315857 -18046748534665738865247288465243365241318674232713674147825451944180745253586222703820117707004714280572837817111879350394662026461972425734667895742513539972655452042297344.00000000000000000000 18046748534665738865247288465243365241318674232713674147825451944180745253586222703820117707004714280572837817111879350394662026461972425734667895742513539972655452042297344.00000000000000000000 
0.00008500000000000001 0.36787944161411356703 0.00000000044267123300 -18577535256273553502790268691172338045727905989900567398743500505485106691433442338836618216447902561314455283240836688236332428743643725822983775079062088929375619846766592.00000000000000000000 18577535256273553502790268691172338045727905989900567398743500505485106691433442338836618216447902561314455283240836688236332428743643725822983775079062088929375619846766592.00000000000000000000 
0.00008250000000000000 0.36787944158868335354 0.00000000041724101951 -19140490870100027005310441420341257601960824060946911299586353596703043216684950332383286213170219223380839593195796201868077945085845335386737040900390031988668731257520128.00000000000000000000 19140490870100027005310441420341257601960824060946911299586353596703043216684950332383286213170219223380839593195796201868077945085845335386737040900390031988668731257520128.00000000000000000000 
0.00008000000000000001 0.36787944156409230212 0.00000000039264996810 -19738631209790646306216122902739537309897900688398592067767906697512044988108370494049417231440863894796833325034292120440908585864585185485677761198601086628693914140278784.00000000000000000000 19738631209790646306216122902739537309897900688398592067767906697512044988108370494049417231440863894796833325034292120440908585864585185485677761198601086628693914140278784.00000000000000000000 
0.00007750000000000001 0.36787944153970542072 0.00000000036826308669 -20375361248816151690106739138048204479433394170094664450867061766138763477511555915039061341905671000037986722111645573741871255551912904738956527661456974510977100833357824.00000000000000000000 20375361248816151690106739138048204479433394170094664450867061766138763477511555915039061341905671000037986722111645573741871255551912904738956527661456974510977100833357824.00000000000000000000 
0.00007500000000000001 0.36787944151628332312 0.00000000034484098910 -21054539957110025243723006477479068623921387064136011204412043863224831431952196895018545626010807266055157122569915086812283335131872144796118545174610557014417215158484992.00000000000000000000 21054539957110025243723006477479068623921387064136011204412043863224831431952196895018545626010807266055157122569915086812283335131872144796118545174610557014417215158484992.00000000000000000000 
0.00007250000000000000 0.36787944149354295797 0.00000000032210062395 -21780558576320720858787582314913135545810648006001189911214492033717629135845871701370165925169977193678861651667944297111696378303262487655389598246419264854280162542354432.00000000000000000000 21780558576320720858787582314913135545810648006001189911214492033717629135845871701370165925169977193678861651667944297111696378303262487655389598246419264854280162542354432.00000000000000000000 
0.00007000000000000001 0.36787944147195372757 0.00000000030051139355 -22558435668332170149160280516249349060697943250195484050064164858573226869751048787003555434927866789436226940662571699345171837337036513607340869819820018678805169495343104.00000000000000000000 22558435668332170149160280516249349060697943250195484050064164858573226869751048787003555434927866789436226940662571699345171837337036513607340869819820018678805169495343104.00000000000000000000 
0.00006750000000000001 0.36787944145123246953 0.00000000027979013550 -23393933285677808114624782796291092353879585320615529316936259895796060278101371834090556272564025447581165912229201755556863058417921728814127716766226334207361891658891264.00000000000000000000 23393933285677808114624782796291092353879585320615529316936259895796060278101371834090556272564025447581165912229201755556863058417921728814127716766226334207361891658891264.00000000000000000000 
0.00006500000000000001 0.36787944143019835064 0.00000000025875601661 -24293699950511569173095236734924244177271015631247678451883581413714515358667179306300594967933097335269713755608645479544091092416973560254441705905314599456795623132495872.00000000000000000000 24293699950511569173095236734924244177271015631247678451883581413714515358667179306300594967933097335269713755608645479544091092416973560254441705905314599456795623132495872.00000000000000000000 
0.00006250000000000000 0.36787944141103423590 0.00000000023959190187 -25265447948532035784305735877462654334226303742077787260842692750514125233913403622456801469337810417313901076247542086011789115342933003452932653982847718476523291082227712.00000000000000000000 25265447948532035784305735877462654334226303742077787260842692750514125233913403622456801469337810417313901076247542086011789115342933003452932653982847718476523291082227712.00000000000000000000 
0.00006000000000000001 0.36787944139212336303 0.00000000022068102901 -26318174946387534128952880645827478898114533485692470481553292382770567812864043313351875806634528628528811651257851975001470940720161944915893681362004625983282128116252672.00000000000000000000 26318174946387534128952880645827478898114533485692470481553292382770567812864043313351875806634528628528811651257851975001470940720161944915893681362004625983282128116252672.00000000000000000000 
0.00005750000000000001 0.36787944137446437765 0.00000000020302204362 -27462443422317424081708320185176834835943096190581901195549724601090966880927572924251512047021573561755430145494355439813928015574597188057502711103478034962847926486827008.00000000000000000000 27462443422317424081708320185176834835943096190581901195549724601090966880927572924251512047021573561755430145494355439813928015574597188057502711103478034962847926486827008.00000000000000000000 
0.00005500000000000001 0.36787944135671396539 0.00000000018527163137 -28710736305150038791766247097859457657466036321072062632020705359228212476411560702189133470341315804431349224430055558478039069758553493799608561421424094839496024107515904.00000000000000000000 28710736305150038791766247097859457657466036321072062632020705359228212476411560702189133470341315804431349224430055558478039069758553493799608561421424094839496024107515904.00000000000000000000 
0.00005250000000000001 0.36787944134044514577 0.00000000016900281175 -30077914224442898108745480775405608735531123721189456913042419906967908755977037839700196178341190467621396361853132250657770044103287376224446492904189233287759086737162240.00000000000000000000 30077914224442898108745480775405608735531123721189456913042419906967908755977037839700196178341190467621396361853132250657770044103287376224446492904189233287759086737162240.00000000000000000000 
0.00005000000000000001 0.36787944132532496289 0.00000000015388262886 -31581809935665039581783924748871031681357280366552321123976890830663599496544160138913614288430223929722645849218511374542502850568022726474674817691076788665132895516491776.00000000000000000000 31581809935665039581783924748871031681357280366552321123976890830663599496544160138913614288430223929722645849218511374542502850568022726474674817691076788665132895516491776.00000000000000000000 
0.00004750000000000001 0.36787944130978184054 0.00000000013833950652 -33244010458594780674971813461109417027292126411547669794534190393321286647245471467975336113396883754200566365952503018664627650539242250117127597480073613091938297737904128.00000000000000000000 33244010458594780674971813461109417027292126411547669794534190393321286647245471467975336113396883754200566365952503018664627650539242250117127597480073613091938297737904128.00000000000000000000 
0.00004500000000000001 0.36787944129559563278 0.00000000012415329875 -35090899928516712171937174194436638530819377980923293975404389843694090417152057751135834408846038171371748868343802633335294587626882593221191575149339501311042837488336896.00000000000000000000 35090899928516712171937174194436638530819377980923293975404389843694090417152057751135834408846038171371748868343802633335294587626882593221191575149339501311042837488336896.00000000000000000000 
0.00004250000000000001 0.36787944128169969282 0.00000000011025735880 -37155070512547100140782877251734961109555012898407917528051700867664803988403425492130053035239753000069269905027118399176353466006429414523979550441480365284722948578476032.00000000000000000000 37155070512547100140782877251734961109555012898407917528051700867664803988403425492130053035239753000069269905027118399176353466006429414523979550441480365284722948578476032.00000000000000000000 
0.00004000000000000001 0.36787944127023008978 0.00000000009878775575 -39477262419581292612432245805479074619795801376797184135535813395024089976216740988098834462881727789593666650068584240881817171729170370971355522397202173257387828280557568.00000000000000000000 39477262419581292612432245805479074619795801376797184135535813395024089976216740988098834462881727789593666650068584240881817171729170370971355522397202173257387828280557568.00000000000000000000 
0.00003750000000000000 0.36787944125723132105 0.00000000008578898703 -42109079914220050487446012954958137247842774128272022408824087726449662863904393790037091252021614532110314245139830173624566670263744289592237090349221114028834430316969984.00000000000000000000 42109079914220050487446012954958137247842774128272022408824087726449662863904393790037091252021614532110314245139830173624566670263744289592237090349221114028834430316969984.00000000000000000000 
0.00003500000000000001 0.36787944124634047727 0.00000000007489814324 -45116871336664333433522900901888983139495087418997750830693029573841044345038638388463927472199681456312813219870588421394032283193214990092693739922996224783582047875629056.00000000000000000000 45116871336664333433522900901888983139495087418997750830693029573841044345038638388463927472199681456312813219870588421394032283193214990092693739922996224783582047875629056.00000000000000000000 
0.00003250000000000000 0.36787944123633631310 0.00000000006489397908 -48587399901023138346190473469848488354542031262495356903767162827429030717334358612601189935866194670539427511217290959088182184833947120508883411810629198913591246264991744.00000000000000000000 48587399901023138346190473469848488354542031262495356903767162827429030717334358612601189935866194670539427511217290959088182184833947120508883411810629198913591246264991744.00000000000000000000 
0.00003000000000000001 0.36787944122651505818 0.00000000005507272416 -52636349892775047663512780899825812850526669727205289154800684335624907442337709070074201420300900889378701318152039018114007706997749778465823363574077814244479382887333888.00000000000000000000 52636349892775047663512780899825812850526669727205289154800684335624907442337709070074201420300900889378701318152039018114007706997749778465823363574077814244479382887333888.00000000000000000000 
0.00002750000000000000 0.36787944121793608732 0.00000000004649375329 -57421472610300077583532494195718915314932072642144125264041410718456424952823121404378266940682631608862698448860111116956078139517106987599217122842848189678992048215031808.00000000000000000000 57421472610300077583532494195718915314932072642144125264041410718456424952823121404378266940682631608862698448860111116956078139517106987599217122842848189678992048215031808.00000000000000000000 
0.00002500000000000001 0.36787944120986165730 0.00000000003841932328 -63163619871330065433972529236522633398912962570318207709083181374716380204161401906740861781548343614326010375527912794492382918174329378705373635948865952182209208802869248.00000000000000000000 63163619871330065433972529236522633398912962570318207709083181374716380204161401906740861781548343614326010375527912794492382918174329378705373635948865952182209208802869248.00000000000000000000 
0.00002250000000000000 0.36787944120246024449 0.00000000003101791046 -70181799857033424343874348388873277061638755961846587950808779687388180834304115502271668817692076342743497736687605266670589175253765186442383150298679002622085674976673792.00000000000000000000 70181799857033424343874348388873277061638755961846587950808779687388180834304115502271668817692076342743497736687605266670589175253765186442383150298679002622085674976673792.00000000000000000000 
0.00002000000000000001 0.36787944119459603520 0.00000000002315370118 -78954524839162571495269171349738719275790004590807933732201026503437361163506563605111302130451351334068051977228058527171011560496624667698735045361116721366719074331000832.00000000000000000000 78954524839162571495269171349738719275790004590807933732201026503437361163506563605111302130451351334068051977228058527171011560496624667698735045361116721366719074331000832.00000000000000000000 
0.00001750000000000001 0.36787944119082932604 0.00000000001938699201 -90233742673328666867045801803777966278990174837995501661386059147682088690077276776927854944399362912625626439741176842788064566386429980185387479845992449567164095751258112.00000000000000000000 90233742673328666867045801803777966278990174837995501661386059147682088690077276776927854944399362912625626439741176842788064566386429980185387479845992449567164095751258112.00000000000000000000 
0.00001500000000000001 0.36787944118580667707 0.00000000001436434305 -105272699785550067867834921277212765773450143128837709231860168098028177306821581397975669249977593288518839990485858127042769848072067408443694728281580378192845601314439168.00000000000000000000 105272699785550067867834921277212765773450143128837709231860168098028177306821581397975669249977593288518839990485858127042769848072067408443694728281580378192845601314439168.00000000000000000000 
0.00001250000000000001 0.36787944118099585866 0.00000000000955352464 -126327239742660130867945058473045266797825925140636415418166362749432760408322803813481723563096687228652020751055825588984765836348658757410747271897731904364418417605738496.00000000000000000000 126327239742660130867945058473045266797825925140636415418166362749432760408322803813481723563096687228652020751055825588984765836348658757410747271897731904364418417605738496.00000000000000000000 
0.00001000000000000001 0.36787944117655468901 0.00000000000511235498 -157909049678325033153775780609721998841167223879324391153437250713988172015597780241531669898405868707181853371183237417601040857299520741445662095255932441548985490821087232.00000000000000000000 157909049678325033153775780609721998841167223879324391153437250713988172015597780241531669898405868707181853371183237417601040857299520741445662095255932441548985490821087232.00000000000000000000 
0.00000750000000000001 0.36787944117655485554 0.00000000000511252152 -210545399571100135735669842554425531546900286257675418463720336196056354613643162795951338499955186577037679980971716254085539696144134816887389456563160756385691202628878336.00000000000000000000 210545399571100135735669842554425531546900286257675418463720336196056354613643162795951338499955186577037679980971716254085539696144134816887389456563160756385691202628878336.00000000000000000000 
0.00000500000000000001 0.36787944117655418941 0.00000000000511185538 -315818099356649572042120031815544518985476913898337138907532891109986867629826499123954135165575984590069579117638516469867661527977262810108188210913510377767934021358059520.00000000000000000000 315818099356649572042120031815544518985476913898337138907532891109986867629826499123954135165575984590069579117638516469867661527977262810108188210913510377767934021358059520.00000000000000000000 
0.00000250000000000001 0.36787944116545195916 -0.00000000000599037486 -631636198713299144084240063631089037970953827796674277815065782219973735259652998247908270331151969180139158235277032939735323055954525620216376421827020755535868042716119040.00000000000000000000 631636198713299144084240063631089037970953827796674277815065782219973735259652998247908270331151969180139158235277032939735323055954525620216376421827020755535868042716119040.00000000000000000000 
