1 1.6449340668482262 
2 -0.3550659331517737 
3 0.1449340668482263 
4 -0.0772881553739959 
5 0.0477118446260041 
6 -0.0322881553739959 
7 0.0232674001815597 
8 -0.0175489263490526 
9 0.0137010736509474 
10 -0.0109902843737439 
11 0.0090097156262561 
12 -0.0075192099935786 
13 0.0063696788953102 
14 -0.0054646406313170 
15 0.0047394410013361 
16 -0.0041494478875528 
17 0.0036630521124472 
18 -0.0032573631124663 
19 0.0029154763937065 
20 -0.0026246898112796 
21 0.0023753101887204 
22 -0.0021598372035699 
23 0.0019723942013888 
24 -0.0018083241350951 
25 0.0016638980871271 
26 -0.0015361019128729 
27 0.0014224779687839 
28 -0.0013210062561818 
29 0.0012300141519815 
30 -0.0011481071322040 
31 0.0010741150900182 
32 -0.0010070503626353 
33 0.0009460746373647 
34 -0.0008904726537280 
35 0.0008396311525003 
36 -0.0007930219087241 
37 0.0007501879678191 
38 -0.0007107324120202 
39 0.0006743091392263 
40 -0.0006406152526212 
41 0.0006093847473788 
42 -0.0005803832478621 
43 0.0005534036002105 
44 -0.0005282621650681 
45 0.0005047956861716 
46 -0.0004828586348160 
47 0.0004623209493049 
48 -0.0004430661036602 
49 0.0004249894518954 
50 -0.0004079968038314 
51 0.0003920031961686 
52 -0.0003769318288218 
53 0.0003627131415924 
54 -0.0003492840104190 
55 0.0003365870458224 
56 -0.0003245699789710 
57 0.0003131851230698 
58 -0.0003023888997064 
59 0.0002921414213400 
60 -0.0002824061224693 
61 0.0002731494330863 
62 -0.0002643404889777 
63 0.0002559508741857 
64 -0.0002479543916243 
65 0.0002403268583757 
66 -0.0002330459226894 
67 0.0002260909000838 
68 -0.0002194426263141 
69 0.0002130833252430 
70 -0.0002069964899219 
71 0.0002011667753842 
72 -0.0001955799018623 
73 0.0001902225672735 
74 -0.0001850823679864 
75 0.0001801477269734 
76 -0.0001754078285822 
77 0.0001708525592295 
78 -0.0001664724534202 
79 0.0001622586445416 
80 -0.0001582028199672 
81 0.0001542971800328 
82 -0.0001505344005190 
83 0.0001469075982912 
84 -0.0001434102998072 
85 0.0001400364122110 
86 -0.0001367801967856 
87 0.0001336362445341 
88 -0.0001305994537088 
89 0.0001276650091011 
90 -0.0001248283629478 
91 0.0001220852172991 
92 -0.0001194315077341 
93 0.0001168633882961 
94 -0.0001143772175543 
95 0.0001119695456870 
96 -0.0001096371025124 
97 0.0001073767863765 
98 -0.0001051856538404 
99 0.0001030609100913 
